0 1 5 6 6 3 3 8 2 4 1 10 5 10 7 6 8 9 3 9 4 8 3 1 5 3
3 0 8 2 8 2 10 10 1 6 10 4 8 2 6 10 7 9 2 8 3 3 2 8 10 1
5 9 0 5 7 1 10 8 9 8 5 9 7 2 9 7 5 4 7 4 1 8 6 1 9 8
9 6 1 0 2 9 9 10 10 5 10 6 1 3 5 5 5 3 9 3 8 6 3 3 10 2
6 2 3 3 0 4 7 8 10 3 5 7 9 1 8 5 10 8 8 9 2 2 7 6 5 6
3 4 7 1 10 0 10 8 6 4 2 9 1 7 5 2 4 6 2 2 8 8 1 7 4 8
10 5 6 10 8 1 0 5 8 1 5 3 8 4 10 6 1 2 10 9 4 10 9 2 5 9
2 5 7 2 5 4 4 0 1 2 3 9 1 8 8 10 7 8 1 2 2 8 7 5 7 2
8 10 9 8 2 7 8 6 0 1 9 10 7 5 4 3 1 8 2 1 5 7 8 4 7 2
3 10 5 3 6 4 4 5 5 0 1 3 8 5 4 4 10 4 9 9 1 8 10 4 9 2
8 10 5 8 3 8 1 8 10 8 0 7 8 4 4 10 8 6 10 6 2 2 2 4 9 2
2 4 1 1 6 8 5 1 1 1 10 0 1 9 5 4 5 7 6 1 6 3 3 4 10 8
10 9 4 7 1 8 8 7 7 4 1 4 0 6 2 2 8 9 8 5 6 4 6 2 3 7
5 6 5 2 9 5 3 7 2 10 8 7 6 0 9 5 7 7 1 3 8 10 5 7 6 8
1 6 6 9 10 7 8 3 9 5 8 1 3 4 0 9 8 7 9 1 3 9 10 10 7 2
7 5 6 1 2 2 10 9 4 4 3 3 10 5 9 0 1 6 5 6 9 7 1 8 1 6
5 2 5 3 10 5 8 6 5 7 3 8 1 2 5 8 0 4 9 6 10 2 2 4 6 9
5 10 5 9 2 3 2 7 1 3 4 10 6 1 10 3 9 0 10 8 2 6 3 2 4 10
4 5 7 3 8 5 2 2 1 5 9 10 2 4 3 8 7 5 0 5 8 4 1 4 6 2
6 1 2 3 1 5 2 3 1 5 1 10 10 9 8 6 6 4 1 0 3 1 4 9 6 8
2 1 1 8 4 6 7 5 2 8 6 8 2 2 1 5 1 10 8 5 0 5 4 5 8 2
1 2 9 4 6 1 3 4 10 6 7 9 1 3 2 8 3 7 3 7 4 0 2 5 4 9
2 8 6 2 4 7 8 3 2 4 5 9 6 7 6 3 3 7 4 4 2 9 0 2 9 6
2 2 5 6 2 1 1 9 6 7 5 9 3 1 3 5 4 6 9 1 3 8 2 0 10 5
6 4 7 9 3 8 8 9 4 6 2 6 3 4 4 7 1 3 1 9 7 7 8 9 0 1
4 4 6 3 5 4 3 7 1 4 10 5 4 3 7 1 4 1 2 4 9 5 10 6 7 0
